sep=;
Run time (s);Round;Exception;deadline;Agreement;Discounted;#agreeing;min.util.;max.util.;Dist. to Pareto;Dist. to Nash;Social Welfare;Agent 1;Agent 2;Agent 3;Agent 4;Utility 1;Utility 2;Utility 3;Utility 4;Disc. Util. 1;Disc. Util. 2;Disc. Util. 3;Disc. Util. 4;Perceived. Util. 1;Perceived. Util. 2;Perceived. Util. 3;Perceived. Util. 4;User Bother 1;User Bother 2;User Bother 3;User Bother 4;User Util. 1;User Util. 2;User Util. 3;User Util. 4;Profile 1;Profile 2;Profile 3;Profile 4
4.220;55;;60rounds;Yes;No;4;0.63095;0.81601;0.07171;0.33697;2.72148;Agent21@87;Agent21@88;Agent21@89;Agent21@90;0.6408333333333334;0.6336829119067992;0.8160084578072917;0.630951775;0.6408333333333334;0.6336829119067992;0.8160084578072917;0.630951775;0.6408333333333334;0.6336829119067992;0.8160084578072917;0.630951775;0.0;0.0;0.0;0.0;0.6408333333333334;0.6336829119067992;0.8160084578072917;0.630951775;party1_utility.xml;party2_utility.xml;party3_utility.xml;party4_utility.xml
;2;Session genius.core.session.Session@4486634a failed: Failed to execute protocol: Execution failed of FuzzyAgent@91:java.lang.ClassCastException: genius.core.issue.ValueReal cannot be cast to genius.core.issue.ValueDiscrete: genius.core.issue.ValueReal cannot be cast to genius.core.issue.ValueDiscrete:[agents.FuzzyAgent, /Users/kenielpeart/IdeaProjects/Group21/out/production/Group21/group21/Agent21.class, /Users/kenielpeart/IdeaProjects/Group21/out/production/Group21/group21/Agent21.class, /Users/kenielpeart/IdeaProjects/Group21/out/production/Group21/group21/Agent21.class];60rounds;No;;0;;;;;;FuzzyAgent;Agent21;Agent21;Agent21;0.0;0.0;0.0;0.0;0.0;0.0;0.0;0.0;;;;;;;;;;;;;party1_utility;party2_utility;party3_utility;party4_utility
;48;Session genius.core.session.Session@40c85b6d failed: Failed to execute protocol: null:[agents.TimeDependentAgentBoulware, /Users/kenielpeart/IdeaProjects/Group21/out/production/Group21/group21/Agent21.class, /Users/kenielpeart/IdeaProjects/Group21/out/production/Group21/group21/Agent21.class, /Users/kenielpeart/IdeaProjects/Group21/out/production/Group21/group21/Agent21.class];60rounds;No;;0;;;;;;TimeDependentAgentBoulware;Agent21;Agent21;Agent21;0.0;0.0;0.0;0.0;0.0;0.0;0.0;0.0;;;;;;;;;;;;;party1_utility;party2_utility;party3_utility;party4_utility
;48;Session genius.core.session.Session@219a177a failed: Failed to execute protocol: null:[agents.TimeDependentAgentConceder, /Users/kenielpeart/IdeaProjects/Group21/out/production/Group21/group21/Agent21.class, /Users/kenielpeart/IdeaProjects/Group21/out/production/Group21/group21/Agent21.class, /Users/kenielpeart/IdeaProjects/Group21/out/production/Group21/group21/Agent21.class];60rounds;No;;0;;;;;;TimeDependentAgentConceder;Agent21;Agent21;Agent21;0.0;0.0;0.0;0.0;0.0;0.0;0.0;0.0;;;;;;;;;;;;;party1_utility;party2_utility;party3_utility;party4_utility
;2;Session genius.core.session.Session@8b9680e failed: Failed to execute protocol: Execution failed of FuzzyAgent@104:java.lang.ClassCastException: genius.core.issue.ValueReal cannot be cast to genius.core.issue.ValueDiscrete: genius.core.issue.ValueReal cannot be cast to genius.core.issue.ValueDiscrete:[/Users/kenielpeart/IdeaProjects/Group21/out/production/Group21/group21/Agent21.class, agents.FuzzyAgent, /Users/kenielpeart/IdeaProjects/Group21/out/production/Group21/group21/Agent21.class, /Users/kenielpeart/IdeaProjects/Group21/out/production/Group21/group21/Agent21.class];60rounds;No;;0;;;;;;Agent21;FuzzyAgent;Agent21;Agent21;0.0;0.0;0.0;0.0;0.0;0.0;0.0;0.0;;;;;;;;;;;;;party1_utility;party2_utility;party3_utility;party4_utility
;2;Session genius.core.session.Session@1e8c1926 failed: Failed to execute protocol: Execution failed of FuzzyAgent@107:java.lang.ClassCastException: genius.core.issue.ValueReal cannot be cast to genius.core.issue.ValueDiscrete: genius.core.issue.ValueReal cannot be cast to genius.core.issue.ValueDiscrete:[agents.FuzzyAgent, agents.FuzzyAgent, /Users/kenielpeart/IdeaProjects/Group21/out/production/Group21/group21/Agent21.class, /Users/kenielpeart/IdeaProjects/Group21/out/production/Group21/group21/Agent21.class];60rounds;No;;0;;;;;;FuzzyAgent;FuzzyAgent;Agent21;Agent21;0.0;0.0;0.0;0.0;0.0;0.0;0.0;0.0;;;;;;;;;;;;;party1_utility;party2_utility;party3_utility;party4_utility
;2;Session genius.core.session.Session@8b62609 failed: Failed to execute protocol: Execution failed of FuzzyAgent@112:java.lang.ClassCastException: genius.core.issue.ValueReal cannot be cast to genius.core.issue.ValueDiscrete: genius.core.issue.ValueReal cannot be cast to genius.core.issue.ValueDiscrete:[agents.TimeDependentAgentBoulware, agents.FuzzyAgent, /Users/kenielpeart/IdeaProjects/Group21/out/production/Group21/group21/Agent21.class, /Users/kenielpeart/IdeaProjects/Group21/out/production/Group21/group21/Agent21.class];60rounds;No;;0;;;;;;TimeDependentAgentBoulware;FuzzyAgent;Agent21;Agent21;0.0;0.0;0.0;0.0;0.0;0.0;0.0;0.0;;;;;;;;;;;;;party1_utility;party2_utility;party3_utility;party4_utility
;2;Session genius.core.session.Session@7e7215ca failed: Failed to execute protocol: Execution failed of FuzzyAgent@116:java.lang.ClassCastException: genius.core.issue.ValueReal cannot be cast to genius.core.issue.ValueDiscrete: genius.core.issue.ValueReal cannot be cast to genius.core.issue.ValueDiscrete:[agents.TimeDependentAgentConceder, agents.FuzzyAgent, /Users/kenielpeart/IdeaProjects/Group21/out/production/Group21/group21/Agent21.class, /Users/kenielpeart/IdeaProjects/Group21/out/production/Group21/group21/Agent21.class];60rounds;No;;0;;;;;;TimeDependentAgentConceder;FuzzyAgent;Agent21;Agent21;0.0;0.0;0.0;0.0;0.0;0.0;0.0;0.0;;;;;;;;;;;;;party1_utility;party2_utility;party3_utility;party4_utility
;38;Session genius.core.session.Session@5b285709 failed: Failed to execute protocol: null:[/Users/kenielpeart/IdeaProjects/Group21/out/production/Group21/group21/Agent21.class, agents.TimeDependentAgentBoulware, /Users/kenielpeart/IdeaProjects/Group21/out/production/Group21/group21/Agent21.class, /Users/kenielpeart/IdeaProjects/Group21/out/production/Group21/group21/Agent21.class];60rounds;No;;0;;;;;;Agent21;TimeDependentAgentBoulware;Agent21;Agent21;0.0;0.0;0.0;0.0;0.0;0.0;0.0;0.0;;;;;;;;;;;;;party1_utility;party2_utility;party3_utility;party4_utility
;2;Session genius.core.session.Session@68b88696 failed: Failed to execute protocol: Execution failed of FuzzyAgent@123:java.lang.ClassCastException: genius.core.issue.ValueReal cannot be cast to genius.core.issue.ValueDiscrete: genius.core.issue.ValueReal cannot be cast to genius.core.issue.ValueDiscrete:[agents.FuzzyAgent, agents.TimeDependentAgentBoulware, /Users/kenielpeart/IdeaProjects/Group21/out/production/Group21/group21/Agent21.class, /Users/kenielpeart/IdeaProjects/Group21/out/production/Group21/group21/Agent21.class];60rounds;No;;0;;;;;;FuzzyAgent;TimeDependentAgentBoulware;Agent21;Agent21;0.0;0.0;0.0;0.0;0.0;0.0;0.0;0.0;;;;;;;;;;;;;party1_utility;party2_utility;party3_utility;party4_utility
;40;Session genius.core.session.Session@7bc398a6 failed: Failed to execute protocol: null:[agents.TimeDependentAgentBoulware, agents.TimeDependentAgentBoulware, /Users/kenielpeart/IdeaProjects/Group21/out/production/Group21/group21/Agent21.class, /Users/kenielpeart/IdeaProjects/Group21/out/production/Group21/group21/Agent21.class];60rounds;No;;0;;;;;;TimeDependentAgentBoulware;TimeDependentAgentBoulware;Agent21;Agent21;0.0;0.0;0.0;0.0;0.0;0.0;0.0;0.0;;;;;;;;;;;;;party1_utility;party2_utility;party3_utility;party4_utility
;20;Session genius.core.session.Session@3dac489f failed: Failed to execute protocol: null:[agents.TimeDependentAgentConceder, agents.TimeDependentAgentBoulware, /Users/kenielpeart/IdeaProjects/Group21/out/production/Group21/group21/Agent21.class, /Users/kenielpeart/IdeaProjects/Group21/out/production/Group21/group21/Agent21.class];60rounds;No;;0;;;;;;TimeDependentAgentConceder;TimeDependentAgentBoulware;Agent21;Agent21;0.0;0.0;0.0;0.0;0.0;0.0;0.0;0.0;;;;;;;;;;;;;party1_utility;party2_utility;party3_utility;party4_utility
;38;Session genius.core.session.Session@1d90d1db failed: Failed to execute protocol: null:[/Users/kenielpeart/IdeaProjects/Group21/out/production/Group21/group21/Agent21.class, agents.TimeDependentAgentConceder, /Users/kenielpeart/IdeaProjects/Group21/out/production/Group21/group21/Agent21.class, /Users/kenielpeart/IdeaProjects/Group21/out/production/Group21/group21/Agent21.class];60rounds;No;;0;;;;;;Agent21;TimeDependentAgentConceder;Agent21;Agent21;0.0;0.0;0.0;0.0;0.0;0.0;0.0;0.0;;;;;;;;;;;;;party1_utility;party2_utility;party3_utility;party4_utility
;2;Session genius.core.session.Session@1f895f0b failed: Failed to execute protocol: Execution failed of FuzzyAgent@139:java.lang.ClassCastException: genius.core.issue.ValueReal cannot be cast to genius.core.issue.ValueDiscrete: genius.core.issue.ValueReal cannot be cast to genius.core.issue.ValueDiscrete:[agents.FuzzyAgent, agents.TimeDependentAgentConceder, /Users/kenielpeart/IdeaProjects/Group21/out/production/Group21/group21/Agent21.class, /Users/kenielpeart/IdeaProjects/Group21/out/production/Group21/group21/Agent21.class];60rounds;No;;0;;;;;;FuzzyAgent;TimeDependentAgentConceder;Agent21;Agent21;0.0;0.0;0.0;0.0;0.0;0.0;0.0;0.0;;;;;;;;;;;;;party1_utility;party2_utility;party3_utility;party4_utility
;40;Session genius.core.session.Session@28e0583d failed: Failed to execute protocol: null:[agents.TimeDependentAgentBoulware, agents.TimeDependentAgentConceder, /Users/kenielpeart/IdeaProjects/Group21/out/production/Group21/group21/Agent21.class, /Users/kenielpeart/IdeaProjects/Group21/out/production/Group21/group21/Agent21.class];60rounds;No;;0;;;;;;TimeDependentAgentBoulware;TimeDependentAgentConceder;Agent21;Agent21;0.0;0.0;0.0;0.0;0.0;0.0;0.0;0.0;;;;;;;;;;;;;party1_utility;party2_utility;party3_utility;party4_utility
;20;Session genius.core.session.Session@49737fb failed: Failed to execute protocol: null:[agents.TimeDependentAgentConceder, agents.TimeDependentAgentConceder, /Users/kenielpeart/IdeaProjects/Group21/out/production/Group21/group21/Agent21.class, /Users/kenielpeart/IdeaProjects/Group21/out/production/Group21/group21/Agent21.class];60rounds;No;;0;;;;;;TimeDependentAgentConceder;TimeDependentAgentConceder;Agent21;Agent21;0.0;0.0;0.0;0.0;0.0;0.0;0.0;0.0;;;;;;;;;;;;;party1_utility;party2_utility;party3_utility;party4_utility
;2;Session genius.core.session.Session@6bce4631 failed: Failed to execute protocol: Execution failed of FuzzyAgent@153:java.lang.ClassCastException: genius.core.issue.ValueReal cannot be cast to genius.core.issue.ValueDiscrete: genius.core.issue.ValueReal cannot be cast to genius.core.issue.ValueDiscrete:[/Users/kenielpeart/IdeaProjects/Group21/out/production/Group21/group21/Agent21.class, /Users/kenielpeart/IdeaProjects/Group21/out/production/Group21/group21/Agent21.class, agents.FuzzyAgent, /Users/kenielpeart/IdeaProjects/Group21/out/production/Group21/group21/Agent21.class];60rounds;No;;0;;;;;;Agent21;Agent21;FuzzyAgent;Agent21;0.0;0.0;0.0;0.0;0.0;0.0;0.0;0.0;;;;;;;;;;;;;party1_utility;party2_utility;party3_utility;party4_utility
;2;Session genius.core.session.Session@330e18e6 failed: Failed to execute protocol: Execution failed of FuzzyAgent@155:java.lang.ClassCastException: genius.core.issue.ValueReal cannot be cast to genius.core.issue.ValueDiscrete: genius.core.issue.ValueReal cannot be cast to genius.core.issue.ValueDiscrete:[agents.FuzzyAgent, /Users/kenielpeart/IdeaProjects/Group21/out/production/Group21/group21/Agent21.class, agents.FuzzyAgent, /Users/kenielpeart/IdeaProjects/Group21/out/production/Group21/group21/Agent21.class];60rounds;No;;0;;;;;;FuzzyAgent;Agent21;FuzzyAgent;Agent21;0.0;0.0;0.0;0.0;0.0;0.0;0.0;0.0;;;;;;;;;;;;;party1_utility;party2_utility;party3_utility;party4_utility
;2;Session genius.core.session.Session@43987236 failed: Failed to execute protocol: Execution failed of FuzzyAgent@161:java.lang.ClassCastException: genius.core.issue.ValueReal cannot be cast to genius.core.issue.ValueDiscrete: genius.core.issue.ValueReal cannot be cast to genius.core.issue.ValueDiscrete:[agents.TimeDependentAgentBoulware, /Users/kenielpeart/IdeaProjects/Group21/out/production/Group21/group21/Agent21.class, agents.FuzzyAgent, /Users/kenielpeart/IdeaProjects/Group21/out/production/Group21/group21/Agent21.class];60rounds;No;;0;;;;;;TimeDependentAgentBoulware;Agent21;FuzzyAgent;Agent21;0.0;0.0;0.0;0.0;0.0;0.0;0.0;0.0;;;;;;;;;;;;;party1_utility;party2_utility;party3_utility;party4_utility
;2;Session genius.core.session.Session@368a0c11 failed: Failed to execute protocol: Execution failed of FuzzyAgent@165:java.lang.ClassCastException: genius.core.issue.ValueReal cannot be cast to genius.core.issue.ValueDiscrete: genius.core.issue.ValueReal cannot be cast to genius.core.issue.ValueDiscrete:[agents.TimeDependentAgentConceder, /Users/kenielpeart/IdeaProjects/Group21/out/production/Group21/group21/Agent21.class, agents.FuzzyAgent, /Users/kenielpeart/IdeaProjects/Group21/out/production/Group21/group21/Agent21.class];60rounds;No;;0;;;;;;TimeDependentAgentConceder;Agent21;FuzzyAgent;Agent21;0.0;0.0;0.0;0.0;0.0;0.0;0.0;0.0;;;;;;;;;;;;;party1_utility;party2_utility;party3_utility;party4_utility
;2;Session genius.core.session.Session@1eb79bee failed: Failed to execute protocol: Execution failed of FuzzyAgent@168:java.lang.ClassCastException: genius.core.issue.ValueReal cannot be cast to genius.core.issue.ValueDiscrete: genius.core.issue.ValueReal cannot be cast to genius.core.issue.ValueDiscrete:[/Users/kenielpeart/IdeaProjects/Group21/out/production/Group21/group21/Agent21.class, agents.FuzzyAgent, agents.FuzzyAgent, /Users/kenielpeart/IdeaProjects/Group21/out/production/Group21/group21/Agent21.class];60rounds;No;;0;;;;;;Agent21;FuzzyAgent;FuzzyAgent;Agent21;0.0;0.0;0.0;0.0;0.0;0.0;0.0;0.0;;;;;;;;;;;;;party1_utility;party2_utility;party3_utility;party4_utility
;2;Session genius.core.session.Session@509912ff failed: Failed to execute protocol: Execution failed of FuzzyAgent@171:java.lang.ClassCastException: genius.core.issue.ValueReal cannot be cast to genius.core.issue.ValueDiscrete: genius.core.issue.ValueReal cannot be cast to genius.core.issue.ValueDiscrete:[agents.FuzzyAgent, agents.FuzzyAgent, agents.FuzzyAgent, /Users/kenielpeart/IdeaProjects/Group21/out/production/Group21/group21/Agent21.class];60rounds;No;;0;;;;;;FuzzyAgent;FuzzyAgent;FuzzyAgent;Agent21;0.0;0.0;0.0;0.0;0.0;0.0;0.0;0.0;;;;;;;;;;;;;party1_utility;party2_utility;party3_utility;party4_utility
;2;Session genius.core.session.Session@1a373ae0 failed: Failed to execute protocol: Execution failed of FuzzyAgent@176:java.lang.ClassCastException: genius.core.issue.ValueReal cannot be cast to genius.core.issue.ValueDiscrete: genius.core.issue.ValueReal cannot be cast to genius.core.issue.ValueDiscrete:[agents.TimeDependentAgentBoulware, agents.FuzzyAgent, agents.FuzzyAgent, /Users/kenielpeart/IdeaProjects/Group21/out/production/Group21/group21/Agent21.class];60rounds;No;;0;;;;;;TimeDependentAgentBoulware;FuzzyAgent;FuzzyAgent;Agent21;0.0;0.0;0.0;0.0;0.0;0.0;0.0;0.0;;;;;;;;;;;;;party1_utility;party2_utility;party3_utility;party4_utility
;2;Session genius.core.session.Session@25085a33 failed: Failed to execute protocol: Execution failed of FuzzyAgent@180:java.lang.ClassCastException: genius.core.issue.ValueReal cannot be cast to genius.core.issue.ValueDiscrete: genius.core.issue.ValueReal cannot be cast to genius.core.issue.ValueDiscrete:[agents.TimeDependentAgentConceder, agents.FuzzyAgent, agents.FuzzyAgent, /Users/kenielpeart/IdeaProjects/Group21/out/production/Group21/group21/Agent21.class];60rounds;No;;0;;;;;;TimeDependentAgentConceder;FuzzyAgent;FuzzyAgent;Agent21;0.0;0.0;0.0;0.0;0.0;0.0;0.0;0.0;;;;;;;;;;;;;party1_utility;party2_utility;party3_utility;party4_utility
;2;Session genius.core.session.Session@1b0eb730 failed: Failed to execute protocol: Execution failed of FuzzyAgent@185:java.lang.ClassCastException: genius.core.issue.ValueReal cannot be cast to genius.core.issue.ValueDiscrete: genius.core.issue.ValueReal cannot be cast to genius.core.issue.ValueDiscrete:[/Users/kenielpeart/IdeaProjects/Group21/out/production/Group21/group21/Agent21.class, agents.TimeDependentAgentBoulware, agents.FuzzyAgent, /Users/kenielpeart/IdeaProjects/Group21/out/production/Group21/group21/Agent21.class];60rounds;No;;0;;;;;;Agent21;TimeDependentAgentBoulware;FuzzyAgent;Agent21;0.0;0.0;0.0;0.0;0.0;0.0;0.0;0.0;;;;;;;;;;;;;party1_utility;party2_utility;party3_utility;party4_utility
;2;Session genius.core.session.Session@357aa92a failed: Failed to execute protocol: Execution failed of FuzzyAgent@187:java.lang.ClassCastException: genius.core.issue.ValueReal cannot be cast to genius.core.issue.ValueDiscrete: genius.core.issue.ValueReal cannot be cast to genius.core.issue.ValueDiscrete:[agents.FuzzyAgent, agents.TimeDependentAgentBoulware, agents.FuzzyAgent, /Users/kenielpeart/IdeaProjects/Group21/out/production/Group21/group21/Agent21.class];60rounds;No;;0;;;;;;FuzzyAgent;TimeDependentAgentBoulware;FuzzyAgent;Agent21;0.0;0.0;0.0;0.0;0.0;0.0;0.0;0.0;;;;;;;;;;;;;party1_utility;party2_utility;party3_utility;party4_utility
;2;Session genius.core.session.Session@2f311f27 failed: Failed to execute protocol: Execution failed of FuzzyAgent@193:java.lang.ClassCastException: genius.core.issue.ValueReal cannot be cast to genius.core.issue.ValueDiscrete: genius.core.issue.ValueReal cannot be cast to genius.core.issue.ValueDiscrete:[agents.TimeDependentAgentBoulware, agents.TimeDependentAgentBoulware, agents.FuzzyAgent, /Users/kenielpeart/IdeaProjects/Group21/out/production/Group21/group21/Agent21.class];60rounds;No;;0;;;;;;TimeDependentAgentBoulware;TimeDependentAgentBoulware;FuzzyAgent;Agent21;0.0;0.0;0.0;0.0;0.0;0.0;0.0;0.0;;;;;;;;;;;;;party1_utility;party2_utility;party3_utility;party4_utility
;2;Session genius.core.session.Session@365628cd failed: Failed to execute protocol: Execution failed of FuzzyAgent@197:java.lang.ClassCastException: genius.core.issue.ValueReal cannot be cast to genius.core.issue.ValueDiscrete: genius.core.issue.ValueReal cannot be cast to genius.core.issue.ValueDiscrete:[agents.TimeDependentAgentConceder, agents.TimeDependentAgentBoulware, agents.FuzzyAgent, /Users/kenielpeart/IdeaProjects/Group21/out/production/Group21/group21/Agent21.class];60rounds;No;;0;;;;;;TimeDependentAgentConceder;TimeDependentAgentBoulware;FuzzyAgent;Agent21;0.0;0.0;0.0;0.0;0.0;0.0;0.0;0.0;;;;;;;;;;;;;party1_utility;party2_utility;party3_utility;party4_utility
;2;Session genius.core.session.Session@6d5631de failed: Failed to execute protocol: Execution failed of FuzzyAgent@201:java.lang.ClassCastException: genius.core.issue.ValueReal cannot be cast to genius.core.issue.ValueDiscrete: genius.core.issue.ValueReal cannot be cast to genius.core.issue.ValueDiscrete:[/Users/kenielpeart/IdeaProjects/Group21/out/production/Group21/group21/Agent21.class, agents.TimeDependentAgentConceder, agents.FuzzyAgent, /Users/kenielpeart/IdeaProjects/Group21/out/production/Group21/group21/Agent21.class];60rounds;No;;0;;;;;;Agent21;TimeDependentAgentConceder;FuzzyAgent;Agent21;0.0;0.0;0.0;0.0;0.0;0.0;0.0;0.0;;;;;;;;;;;;;party1_utility;party2_utility;party3_utility;party4_utility
;2;Session genius.core.session.Session@41e6d4fd failed: Failed to execute protocol: Execution failed of FuzzyAgent@203:java.lang.ClassCastException: genius.core.issue.ValueReal cannot be cast to genius.core.issue.ValueDiscrete: genius.core.issue.ValueReal cannot be cast to genius.core.issue.ValueDiscrete:[agents.FuzzyAgent, agents.TimeDependentAgentConceder, agents.FuzzyAgent, /Users/kenielpeart/IdeaProjects/Group21/out/production/Group21/group21/Agent21.class];60rounds;No;;0;;;;;;FuzzyAgent;TimeDependentAgentConceder;FuzzyAgent;Agent21;0.0;0.0;0.0;0.0;0.0;0.0;0.0;0.0;;;;;;;;;;;;;party1_utility;party2_utility;party3_utility;party4_utility
;2;Session genius.core.session.Session@6e393bdc failed: Failed to execute protocol: Execution failed of FuzzyAgent@209:java.lang.ClassCastException: genius.core.issue.ValueReal cannot be cast to genius.core.issue.ValueDiscrete: genius.core.issue.ValueReal cannot be cast to genius.core.issue.ValueDiscrete:[agents.TimeDependentAgentBoulware, agents.TimeDependentAgentConceder, agents.FuzzyAgent, /Users/kenielpeart/IdeaProjects/Group21/out/production/Group21/group21/Agent21.class];60rounds;No;;0;;;;;;TimeDependentAgentBoulware;TimeDependentAgentConceder;FuzzyAgent;Agent21;0.0;0.0;0.0;0.0;0.0;0.0;0.0;0.0;;;;;;;;;;;;;party1_utility;party2_utility;party3_utility;party4_utility
;2;Session genius.core.session.Session@78c8c868 failed: Failed to execute protocol: Execution failed of FuzzyAgent@213:java.lang.ClassCastException: genius.core.issue.ValueReal cannot be cast to genius.core.issue.ValueDiscrete: genius.core.issue.ValueReal cannot be cast to genius.core.issue.ValueDiscrete:[agents.TimeDependentAgentConceder, agents.TimeDependentAgentConceder, agents.FuzzyAgent, /Users/kenielpeart/IdeaProjects/Group21/out/production/Group21/group21/Agent21.class];60rounds;No;;0;;;;;;TimeDependentAgentConceder;TimeDependentAgentConceder;FuzzyAgent;Agent21;0.0;0.0;0.0;0.0;0.0;0.0;0.0;0.0;;;;;;;;;;;;;party1_utility;party2_utility;party3_utility;party4_utility
;42;Session genius.core.session.Session@405936e1 failed: Failed to execute protocol: null:[/Users/kenielpeart/IdeaProjects/Group21/out/production/Group21/group21/Agent21.class, /Users/kenielpeart/IdeaProjects/Group21/out/production/Group21/group21/Agent21.class, agents.TimeDependentAgentBoulware, /Users/kenielpeart/IdeaProjects/Group21/out/production/Group21/group21/Agent21.class];60rounds;No;;0;;;;;;Agent21;Agent21;TimeDependentAgentBoulware;Agent21;0.0;0.0;0.0;0.0;0.0;0.0;0.0;0.0;;;;;;;;;;;;;party1_utility;party2_utility;party3_utility;party4_utility
;2;Session genius.core.session.Session@79d9dff3 failed: Failed to execute protocol: Execution failed of FuzzyAgent@219:java.lang.ClassCastException: genius.core.issue.ValueReal cannot be cast to genius.core.issue.ValueDiscrete: genius.core.issue.ValueReal cannot be cast to genius.core.issue.ValueDiscrete:[agents.FuzzyAgent, /Users/kenielpeart/IdeaProjects/Group21/out/production/Group21/group21/Agent21.class, agents.TimeDependentAgentBoulware, /Users/kenielpeart/IdeaProjects/Group21/out/production/Group21/group21/Agent21.class];60rounds;No;;0;;;;;;FuzzyAgent;Agent21;TimeDependentAgentBoulware;Agent21;0.0;0.0;0.0;0.0;0.0;0.0;0.0;0.0;;;;;;;;;;;;;party1_utility;party2_utility;party3_utility;party4_utility
;38;Session genius.core.session.Session@4b9b83f6 failed: Failed to execute protocol: null:[agents.TimeDependentAgentBoulware, /Users/kenielpeart/IdeaProjects/Group21/out/production/Group21/group21/Agent21.class, agents.TimeDependentAgentBoulware, /Users/kenielpeart/IdeaProjects/Group21/out/production/Group21/group21/Agent21.class];60rounds;No;;0;;;;;;TimeDependentAgentBoulware;Agent21;TimeDependentAgentBoulware;Agent21;0.0;0.0;0.0;0.0;0.0;0.0;0.0;0.0;;;;;;;;;;;;;party1_utility;party2_utility;party3_utility;party4_utility
;38;Session genius.core.session.Session@58886925 failed: Failed to execute protocol: null:[agents.TimeDependentAgentConceder, /Users/kenielpeart/IdeaProjects/Group21/out/production/Group21/group21/Agent21.class, agents.TimeDependentAgentBoulware, /Users/kenielpeart/IdeaProjects/Group21/out/production/Group21/group21/Agent21.class];60rounds;No;;0;;;;;;TimeDependentAgentConceder;Agent21;TimeDependentAgentBoulware;Agent21;0.0;0.0;0.0;0.0;0.0;0.0;0.0;0.0;;;;;;;;;;;;;party1_utility;party2_utility;party3_utility;party4_utility
;2;Session genius.core.session.Session@3b98ce59 failed: Failed to execute protocol: Execution failed of FuzzyAgent@232:java.lang.ClassCastException: genius.core.issue.ValueReal cannot be cast to genius.core.issue.ValueDiscrete: genius.core.issue.ValueReal cannot be cast to genius.core.issue.ValueDiscrete:[/Users/kenielpeart/IdeaProjects/Group21/out/production/Group21/group21/Agent21.class, agents.FuzzyAgent, agents.TimeDependentAgentBoulware, /Users/kenielpeart/IdeaProjects/Group21/out/production/Group21/group21/Agent21.class];60rounds;No;;0;;;;;;Agent21;FuzzyAgent;TimeDependentAgentBoulware;Agent21;0.0;0.0;0.0;0.0;0.0;0.0;0.0;0.0;;;;;;;;;;;;;party1_utility;party2_utility;party3_utility;party4_utility
;2;Session genius.core.session.Session@31e724ea failed: Failed to execute protocol: Execution failed of FuzzyAgent@235:java.lang.ClassCastException: genius.core.issue.ValueReal cannot be cast to genius.core.issue.ValueDiscrete: genius.core.issue.ValueReal cannot be cast to genius.core.issue.ValueDiscrete:[agents.FuzzyAgent, agents.FuzzyAgent, agents.TimeDependentAgentBoulware, /Users/kenielpeart/IdeaProjects/Group21/out/production/Group21/group21/Agent21.class];60rounds;No;;0;;;;;;FuzzyAgent;FuzzyAgent;TimeDependentAgentBoulware;Agent21;0.0;0.0;0.0;0.0;0.0;0.0;0.0;0.0;;;;;;;;;;;;;party1_utility;party2_utility;party3_utility;party4_utility
;2;Session genius.core.session.Session@338e2ae6 failed: Failed to execute protocol: Execution failed of FuzzyAgent@240:java.lang.ClassCastException: genius.core.issue.ValueReal cannot be cast to genius.core.issue.ValueDiscrete: genius.core.issue.ValueReal cannot be cast to genius.core.issue.ValueDiscrete:[agents.TimeDependentAgentBoulware, agents.FuzzyAgent, agents.TimeDependentAgentBoulware, /Users/kenielpeart/IdeaProjects/Group21/out/production/Group21/group21/Agent21.class];60rounds;No;;0;;;;;;TimeDependentAgentBoulware;FuzzyAgent;TimeDependentAgentBoulware;Agent21;0.0;0.0;0.0;0.0;0.0;0.0;0.0;0.0;;;;;;;;;;;;;party1_utility;party2_utility;party3_utility;party4_utility
;2;Session genius.core.session.Session@97cb958 failed: Failed to execute protocol: Execution failed of FuzzyAgent@244:java.lang.ClassCastException: genius.core.issue.ValueReal cannot be cast to genius.core.issue.ValueDiscrete: genius.core.issue.ValueReal cannot be cast to genius.core.issue.ValueDiscrete:[agents.TimeDependentAgentConceder, agents.FuzzyAgent, agents.TimeDependentAgentBoulware, /Users/kenielpeart/IdeaProjects/Group21/out/production/Group21/group21/Agent21.class];60rounds;No;;0;;;;;;TimeDependentAgentConceder;FuzzyAgent;TimeDependentAgentBoulware;Agent21;0.0;0.0;0.0;0.0;0.0;0.0;0.0;0.0;;;;;;;;;;;;;party1_utility;party2_utility;party3_utility;party4_utility
;37;Session genius.core.session.Session@6aff58d0 failed: Failed to execute protocol: null:[/Users/kenielpeart/IdeaProjects/Group21/out/production/Group21/group21/Agent21.class, agents.TimeDependentAgentBoulware, agents.TimeDependentAgentBoulware, /Users/kenielpeart/IdeaProjects/Group21/out/production/Group21/group21/Agent21.class];60rounds;No;;0;;;;;;Agent21;TimeDependentAgentBoulware;TimeDependentAgentBoulware;Agent21;0.0;0.0;0.0;0.0;0.0;0.0;0.0;0.0;;;;;;;;;;;;;party1_utility;party2_utility;party3_utility;party4_utility
;2;Session genius.core.session.Session@7de8793d failed: Failed to execute protocol: Execution failed of FuzzyAgent@251:java.lang.ClassCastException: genius.core.issue.ValueReal cannot be cast to genius.core.issue.ValueDiscrete: genius.core.issue.ValueReal cannot be cast to genius.core.issue.ValueDiscrete:[agents.FuzzyAgent, agents.TimeDependentAgentBoulware, agents.TimeDependentAgentBoulware, /Users/kenielpeart/IdeaProjects/Group21/out/production/Group21/group21/Agent21.class];60rounds;No;;0;;;;;;FuzzyAgent;TimeDependentAgentBoulware;TimeDependentAgentBoulware;Agent21;0.0;0.0;0.0;0.0;0.0;0.0;0.0;0.0;;;;;;;;;;;;;party1_utility;party2_utility;party3_utility;party4_utility
;38;Session genius.core.session.Session@a1d50ec failed: Failed to execute protocol: null:[agents.TimeDependentAgentBoulware, agents.TimeDependentAgentBoulware, agents.TimeDependentAgentBoulware, /Users/kenielpeart/IdeaProjects/Group21/out/production/Group21/group21/Agent21.class];60rounds;No;;0;;;;;;TimeDependentAgentBoulware;TimeDependentAgentBoulware;TimeDependentAgentBoulware;Agent21;0.0;0.0;0.0;0.0;0.0;0.0;0.0;0.0;;;;;;;;;;;;;party1_utility;party2_utility;party3_utility;party4_utility
;20;Session genius.core.session.Session@1ed8ff5f failed: Failed to execute protocol: null:[agents.TimeDependentAgentConceder, agents.TimeDependentAgentBoulware, agents.TimeDependentAgentBoulware, /Users/kenielpeart/IdeaProjects/Group21/out/production/Group21/group21/Agent21.class];60rounds;No;;0;;;;;;TimeDependentAgentConceder;TimeDependentAgentBoulware;TimeDependentAgentBoulware;Agent21;0.0;0.0;0.0;0.0;0.0;0.0;0.0;0.0;;;;;;;;;;;;;party1_utility;party2_utility;party3_utility;party4_utility
;18;Session genius.core.session.Session@5b3e523f failed: Failed to execute protocol: null:[/Users/kenielpeart/IdeaProjects/Group21/out/production/Group21/group21/Agent21.class, agents.TimeDependentAgentConceder, agents.TimeDependentAgentBoulware, /Users/kenielpeart/IdeaProjects/Group21/out/production/Group21/group21/Agent21.class];60rounds;No;;0;;;;;;Agent21;TimeDependentAgentConceder;TimeDependentAgentBoulware;Agent21;0.0;0.0;0.0;0.0;0.0;0.0;0.0;0.0;;;;;;;;;;;;;party1_utility;party2_utility;party3_utility;party4_utility
;2;Session genius.core.session.Session@146d0d13 failed: Failed to execute protocol: Execution failed of FuzzyAgent@267:java.lang.ClassCastException: genius.core.issue.ValueReal cannot be cast to genius.core.issue.ValueDiscrete: genius.core.issue.ValueReal cannot be cast to genius.core.issue.ValueDiscrete:[agents.FuzzyAgent, agents.TimeDependentAgentConceder, agents.TimeDependentAgentBoulware, /Users/kenielpeart/IdeaProjects/Group21/out/production/Group21/group21/Agent21.class];60rounds;No;;0;;;;;;FuzzyAgent;TimeDependentAgentConceder;TimeDependentAgentBoulware;Agent21;0.0;0.0;0.0;0.0;0.0;0.0;0.0;0.0;;;;;;;;;;;;;party1_utility;party2_utility;party3_utility;party4_utility
;31;Session genius.core.session.Session@1efbee45 failed: Failed to execute protocol: null:[agents.TimeDependentAgentBoulware, agents.TimeDependentAgentConceder, agents.TimeDependentAgentBoulware, /Users/kenielpeart/IdeaProjects/Group21/out/production/Group21/group21/Agent21.class];60rounds;No;;0;;;;;;TimeDependentAgentBoulware;TimeDependentAgentConceder;TimeDependentAgentBoulware;Agent21;0.0;0.0;0.0;0.0;0.0;0.0;0.0;0.0;;;;;;;;;;;;;party1_utility;party2_utility;party3_utility;party4_utility
;7;Session genius.core.session.Session@4b8e229e failed: Failed to execute protocol: null:[agents.TimeDependentAgentConceder, agents.TimeDependentAgentConceder, agents.TimeDependentAgentBoulware, /Users/kenielpeart/IdeaProjects/Group21/out/production/Group21/group21/Agent21.class];60rounds;No;;0;;;;;;TimeDependentAgentConceder;TimeDependentAgentConceder;TimeDependentAgentBoulware;Agent21;0.0;0.0;0.0;0.0;0.0;0.0;0.0;0.0;;;;;;;;;;;;;party1_utility;party2_utility;party3_utility;party4_utility
;42;Session genius.core.session.Session@62f07acb failed: Failed to execute protocol: null:[/Users/kenielpeart/IdeaProjects/Group21/out/production/Group21/group21/Agent21.class, /Users/kenielpeart/IdeaProjects/Group21/out/production/Group21/group21/Agent21.class, agents.TimeDependentAgentConceder, /Users/kenielpeart/IdeaProjects/Group21/out/production/Group21/group21/Agent21.class];60rounds;No;;0;;;;;;Agent21;Agent21;TimeDependentAgentConceder;Agent21;0.0;0.0;0.0;0.0;0.0;0.0;0.0;0.0;;;;;;;;;;;;;party1_utility;party2_utility;party3_utility;party4_utility
;2;Session genius.core.session.Session@38911991 failed: Failed to execute protocol: Execution failed of FuzzyAgent@283:java.lang.ClassCastException: genius.core.issue.ValueReal cannot be cast to genius.core.issue.ValueDiscrete: genius.core.issue.ValueReal cannot be cast to genius.core.issue.ValueDiscrete:[agents.FuzzyAgent, /Users/kenielpeart/IdeaProjects/Group21/out/production/Group21/group21/Agent21.class, agents.TimeDependentAgentConceder, /Users/kenielpeart/IdeaProjects/Group21/out/production/Group21/group21/Agent21.class];60rounds;No;;0;;;;;;FuzzyAgent;Agent21;TimeDependentAgentConceder;Agent21;0.0;0.0;0.0;0.0;0.0;0.0;0.0;0.0;;;;;;;;;;;;;party1_utility;party2_utility;party3_utility;party4_utility
;51;Session genius.core.session.Session@4d3173b9 failed: Failed to execute protocol: null:[agents.TimeDependentAgentBoulware, /Users/kenielpeart/IdeaProjects/Group21/out/production/Group21/group21/Agent21.class, agents.TimeDependentAgentConceder, /Users/kenielpeart/IdeaProjects/Group21/out/production/Group21/group21/Agent21.class];60rounds;No;;0;;;;;;TimeDependentAgentBoulware;Agent21;TimeDependentAgentConceder;Agent21;0.0;0.0;0.0;0.0;0.0;0.0;0.0;0.0;;;;;;;;;;;;;party1_utility;party2_utility;party3_utility;party4_utility
;56;Session genius.core.session.Session@1278bf65 failed: Failed to execute protocol: null:[agents.TimeDependentAgentConceder, /Users/kenielpeart/IdeaProjects/Group21/out/production/Group21/group21/Agent21.class, agents.TimeDependentAgentConceder, /Users/kenielpeart/IdeaProjects/Group21/out/production/Group21/group21/Agent21.class];60rounds;No;;0;;;;;;TimeDependentAgentConceder;Agent21;TimeDependentAgentConceder;Agent21;0.0;0.0;0.0;0.0;0.0;0.0;0.0;0.0;;;;;;;;;;;;;party1_utility;party2_utility;party3_utility;party4_utility
;2;Session genius.core.session.Session@5b75d9b5 failed: Failed to execute protocol: Execution failed of FuzzyAgent@296:java.lang.ClassCastException: genius.core.issue.ValueReal cannot be cast to genius.core.issue.ValueDiscrete: genius.core.issue.ValueReal cannot be cast to genius.core.issue.ValueDiscrete:[/Users/kenielpeart/IdeaProjects/Group21/out/production/Group21/group21/Agent21.class, agents.FuzzyAgent, agents.TimeDependentAgentConceder, /Users/kenielpeart/IdeaProjects/Group21/out/production/Group21/group21/Agent21.class];60rounds;No;;0;;;;;;Agent21;FuzzyAgent;TimeDependentAgentConceder;Agent21;0.0;0.0;0.0;0.0;0.0;0.0;0.0;0.0;;;;;;;;;;;;;party1_utility;party2_utility;party3_utility;party4_utility
;2;Session genius.core.session.Session@4da3fe6f failed: Failed to execute protocol: Execution failed of FuzzyAgent@299:java.lang.ClassCastException: genius.core.issue.ValueReal cannot be cast to genius.core.issue.ValueDiscrete: genius.core.issue.ValueReal cannot be cast to genius.core.issue.ValueDiscrete:[agents.FuzzyAgent, agents.FuzzyAgent, agents.TimeDependentAgentConceder, /Users/kenielpeart/IdeaProjects/Group21/out/production/Group21/group21/Agent21.class];60rounds;No;;0;;;;;;FuzzyAgent;FuzzyAgent;TimeDependentAgentConceder;Agent21;0.0;0.0;0.0;0.0;0.0;0.0;0.0;0.0;;;;;;;;;;;;;party1_utility;party2_utility;party3_utility;party4_utility
;2;Session genius.core.session.Session@4067830b failed: Failed to execute protocol: Execution failed of FuzzyAgent@304:java.lang.ClassCastException: genius.core.issue.ValueReal cannot be cast to genius.core.issue.ValueDiscrete: genius.core.issue.ValueReal cannot be cast to genius.core.issue.ValueDiscrete:[agents.TimeDependentAgentBoulware, agents.FuzzyAgent, agents.TimeDependentAgentConceder, /Users/kenielpeart/IdeaProjects/Group21/out/production/Group21/group21/Agent21.class];60rounds;No;;0;;;;;;TimeDependentAgentBoulware;FuzzyAgent;TimeDependentAgentConceder;Agent21;0.0;0.0;0.0;0.0;0.0;0.0;0.0;0.0;;;;;;;;;;;;;party1_utility;party2_utility;party3_utility;party4_utility
;2;Session genius.core.session.Session@10774b17 failed: Failed to execute protocol: Execution failed of FuzzyAgent@308:java.lang.ClassCastException: genius.core.issue.ValueReal cannot be cast to genius.core.issue.ValueDiscrete: genius.core.issue.ValueReal cannot be cast to genius.core.issue.ValueDiscrete:[agents.TimeDependentAgentConceder, agents.FuzzyAgent, agents.TimeDependentAgentConceder, /Users/kenielpeart/IdeaProjects/Group21/out/production/Group21/group21/Agent21.class];60rounds;No;;0;;;;;;TimeDependentAgentConceder;FuzzyAgent;TimeDependentAgentConceder;Agent21;0.0;0.0;0.0;0.0;0.0;0.0;0.0;0.0;;;;;;;;;;;;;party1_utility;party2_utility;party3_utility;party4_utility
;36;Session genius.core.session.Session@65ecfa1a failed: Failed to execute protocol: null:[/Users/kenielpeart/IdeaProjects/Group21/out/production/Group21/group21/Agent21.class, agents.TimeDependentAgentBoulware, agents.TimeDependentAgentConceder, /Users/kenielpeart/IdeaProjects/Group21/out/production/Group21/group21/Agent21.class];60rounds;No;;0;;;;;;Agent21;TimeDependentAgentBoulware;TimeDependentAgentConceder;Agent21;0.0;0.0;0.0;0.0;0.0;0.0;0.0;0.0;;;;;;;;;;;;;party1_utility;party2_utility;party3_utility;party4_utility
;2;Session genius.core.session.Session@74e8fda5 failed: Failed to execute protocol: Execution failed of FuzzyAgent@315:java.lang.ClassCastException: genius.core.issue.ValueReal cannot be cast to genius.core.issue.ValueDiscrete: genius.core.issue.ValueReal cannot be cast to genius.core.issue.ValueDiscrete:[agents.FuzzyAgent, agents.TimeDependentAgentBoulware, agents.TimeDependentAgentConceder, /Users/kenielpeart/IdeaProjects/Group21/out/production/Group21/group21/Agent21.class];60rounds;No;;0;;;;;;FuzzyAgent;TimeDependentAgentBoulware;TimeDependentAgentConceder;Agent21;0.0;0.0;0.0;0.0;0.0;0.0;0.0;0.0;;;;;;;;;;;;;party1_utility;party2_utility;party3_utility;party4_utility
;51;Session genius.core.session.Session@2c640e81 failed: Failed to execute protocol: null:[agents.TimeDependentAgentBoulware, agents.TimeDependentAgentBoulware, agents.TimeDependentAgentConceder, /Users/kenielpeart/IdeaProjects/Group21/out/production/Group21/group21/Agent21.class];60rounds;No;;0;;;;;;TimeDependentAgentBoulware;TimeDependentAgentBoulware;TimeDependentAgentConceder;Agent21;0.0;0.0;0.0;0.0;0.0;0.0;0.0;0.0;;;;;;;;;;;;;party1_utility;party2_utility;party3_utility;party4_utility
;20;Session genius.core.session.Session@19efd747 failed: Failed to execute protocol: null:[agents.TimeDependentAgentConceder, agents.TimeDependentAgentBoulware, agents.TimeDependentAgentConceder, /Users/kenielpeart/IdeaProjects/Group21/out/production/Group21/group21/Agent21.class];60rounds;No;;0;;;;;;TimeDependentAgentConceder;TimeDependentAgentBoulware;TimeDependentAgentConceder;Agent21;0.0;0.0;0.0;0.0;0.0;0.0;0.0;0.0;;;;;;;;;;;;;party1_utility;party2_utility;party3_utility;party4_utility
;18;Session genius.core.session.Session@9140757 failed: Failed to execute protocol: null:[/Users/kenielpeart/IdeaProjects/Group21/out/production/Group21/group21/Agent21.class, agents.TimeDependentAgentConceder, agents.TimeDependentAgentConceder, /Users/kenielpeart/IdeaProjects/Group21/out/production/Group21/group21/Agent21.class];60rounds;No;;0;;;;;;Agent21;TimeDependentAgentConceder;TimeDependentAgentConceder;Agent21;0.0;0.0;0.0;0.0;0.0;0.0;0.0;0.0;;;;;;;;;;;;;party1_utility;party2_utility;party3_utility;party4_utility
;2;Session genius.core.session.Session@8228304 failed: Failed to execute protocol: Execution failed of FuzzyAgent@331:java.lang.ClassCastException: genius.core.issue.ValueReal cannot be cast to genius.core.issue.ValueDiscrete: genius.core.issue.ValueReal cannot be cast to genius.core.issue.ValueDiscrete:[agents.FuzzyAgent, agents.TimeDependentAgentConceder, agents.TimeDependentAgentConceder, /Users/kenielpeart/IdeaProjects/Group21/out/production/Group21/group21/Agent21.class];60rounds;No;;0;;;;;;FuzzyAgent;TimeDependentAgentConceder;TimeDependentAgentConceder;Agent21;0.0;0.0;0.0;0.0;0.0;0.0;0.0;0.0;;;;;;;;;;;;;party1_utility;party2_utility;party3_utility;party4_utility
;31;Session genius.core.session.Session@2b026cd4 failed: Failed to execute protocol: null:[agents.TimeDependentAgentBoulware, agents.TimeDependentAgentConceder, agents.TimeDependentAgentConceder, /Users/kenielpeart/IdeaProjects/Group21/out/production/Group21/group21/Agent21.class];60rounds;No;;0;;;;;;TimeDependentAgentBoulware;TimeDependentAgentConceder;TimeDependentAgentConceder;Agent21;0.0;0.0;0.0;0.0;0.0;0.0;0.0;0.0;;;;;;;;;;;;;party1_utility;party2_utility;party3_utility;party4_utility
;7;Session genius.core.session.Session@6c3f7a99 failed: Failed to execute protocol: null:[agents.TimeDependentAgentConceder, agents.TimeDependentAgentConceder, agents.TimeDependentAgentConceder, /Users/kenielpeart/IdeaProjects/Group21/out/production/Group21/group21/Agent21.class];60rounds;No;;0;;;;;;TimeDependentAgentConceder;TimeDependentAgentConceder;TimeDependentAgentConceder;Agent21;0.0;0.0;0.0;0.0;0.0;0.0;0.0;0.0;;;;;;;;;;;;;party1_utility;party2_utility;party3_utility;party4_utility
;2;Session genius.core.session.Session@51131f32 failed: Failed to execute protocol: Execution failed of FuzzyAgent@346:java.lang.ClassCastException: genius.core.issue.ValueReal cannot be cast to genius.core.issue.ValueDiscrete: genius.core.issue.ValueReal cannot be cast to genius.core.issue.ValueDiscrete:[/Users/kenielpeart/IdeaProjects/Group21/out/production/Group21/group21/Agent21.class, /Users/kenielpeart/IdeaProjects/Group21/out/production/Group21/group21/Agent21.class, /Users/kenielpeart/IdeaProjects/Group21/out/production/Group21/group21/Agent21.class, agents.FuzzyAgent];60rounds;No;;0;;;;;;Agent21;Agent21;Agent21;FuzzyAgent;0.0;0.0;0.0;0.0;0.0;0.0;0.0;0.0;;;;;;;;;;;;;party1_utility;party2_utility;party3_utility;party4_utility
;2;Session genius.core.session.Session@3036280a failed: Failed to execute protocol: Execution failed of FuzzyAgent@347:java.lang.ClassCastException: genius.core.issue.ValueReal cannot be cast to genius.core.issue.ValueDiscrete: genius.core.issue.ValueReal cannot be cast to genius.core.issue.ValueDiscrete:[agents.FuzzyAgent, /Users/kenielpeart/IdeaProjects/Group21/out/production/Group21/group21/Agent21.class, /Users/kenielpeart/IdeaProjects/Group21/out/production/Group21/group21/Agent21.class, agents.FuzzyAgent];60rounds;No;;0;;;;;;FuzzyAgent;Agent21;Agent21;FuzzyAgent;0.0;0.0;0.0;0.0;0.0;0.0;0.0;0.0;;;;;;;;;;;;;party1_utility;party2_utility;party3_utility;party4_utility
;2;Session genius.core.session.Session@72a503c8 failed: Failed to execute protocol: Execution failed of FuzzyAgent@354:java.lang.ClassCastException: genius.core.issue.ValueReal cannot be cast to genius.core.issue.ValueDiscrete: genius.core.issue.ValueReal cannot be cast to genius.core.issue.ValueDiscrete:[agents.TimeDependentAgentBoulware, /Users/kenielpeart/IdeaProjects/Group21/out/production/Group21/group21/Agent21.class, /Users/kenielpeart/IdeaProjects/Group21/out/production/Group21/group21/Agent21.class, agents.FuzzyAgent];60rounds;No;;0;;;;;;TimeDependentAgentBoulware;Agent21;Agent21;FuzzyAgent;0.0;0.0;0.0;0.0;0.0;0.0;0.0;0.0;;;;;;;;;;;;;party1_utility;party2_utility;party3_utility;party4_utility
;2;Session genius.core.session.Session@49483d16 failed: Failed to execute protocol: Execution failed of FuzzyAgent@358:java.lang.ClassCastException: genius.core.issue.ValueReal cannot be cast to genius.core.issue.ValueDiscrete: genius.core.issue.ValueReal cannot be cast to genius.core.issue.ValueDiscrete:[agents.TimeDependentAgentConceder, /Users/kenielpeart/IdeaProjects/Group21/out/production/Group21/group21/Agent21.class, /Users/kenielpeart/IdeaProjects/Group21/out/production/Group21/group21/Agent21.class, agents.FuzzyAgent];60rounds;No;;0;;;;;;TimeDependentAgentConceder;Agent21;Agent21;FuzzyAgent;0.0;0.0;0.0;0.0;0.0;0.0;0.0;0.0;;;;;;;;;;;;;party1_utility;party2_utility;party3_utility;party4_utility
;2;Session genius.core.session.Session@1c95269c failed: Failed to execute protocol: Execution failed of FuzzyAgent@360:java.lang.ClassCastException: genius.core.issue.ValueReal cannot be cast to genius.core.issue.ValueDiscrete: genius.core.issue.ValueReal cannot be cast to genius.core.issue.ValueDiscrete:[/Users/kenielpeart/IdeaProjects/Group21/out/production/Group21/group21/Agent21.class, agents.FuzzyAgent, /Users/kenielpeart/IdeaProjects/Group21/out/production/Group21/group21/Agent21.class, agents.FuzzyAgent];60rounds;No;;0;;;;;;Agent21;FuzzyAgent;Agent21;FuzzyAgent;0.0;0.0;0.0;0.0;0.0;0.0;0.0;0.0;;;;;;;;;;;;;party1_utility;party2_utility;party3_utility;party4_utility
;2;Session genius.core.session.Session@492c2aca failed: Failed to execute protocol: Execution failed of FuzzyAgent@363:java.lang.ClassCastException: genius.core.issue.ValueReal cannot be cast to genius.core.issue.ValueDiscrete: genius.core.issue.ValueReal cannot be cast to genius.core.issue.ValueDiscrete:[agents.FuzzyAgent, agents.FuzzyAgent, /Users/kenielpeart/IdeaProjects/Group21/out/production/Group21/group21/Agent21.class, agents.FuzzyAgent];60rounds;No;;0;;;;;;FuzzyAgent;FuzzyAgent;Agent21;FuzzyAgent;0.0;0.0;0.0;0.0;0.0;0.0;0.0;0.0;;;;;;;;;;;;;party1_utility;party2_utility;party3_utility;party4_utility
;2;Session genius.core.session.Session@3776d135 failed: Failed to execute protocol: Execution failed of FuzzyAgent@368:java.lang.ClassCastException: genius.core.issue.ValueReal cannot be cast to genius.core.issue.ValueDiscrete: genius.core.issue.ValueReal cannot be cast to genius.core.issue.ValueDiscrete:[agents.TimeDependentAgentBoulware, agents.FuzzyAgent, /Users/kenielpeart/IdeaProjects/Group21/out/production/Group21/group21/Agent21.class, agents.FuzzyAgent];60rounds;No;;0;;;;;;TimeDependentAgentBoulware;FuzzyAgent;Agent21;FuzzyAgent;0.0;0.0;0.0;0.0;0.0;0.0;0.0;0.0;;;;;;;;;;;;;party1_utility;party2_utility;party3_utility;party4_utility
;2;Session genius.core.session.Session@63a18720 failed: Failed to execute protocol: Execution failed of FuzzyAgent@372:java.lang.ClassCastException: genius.core.issue.ValueReal cannot be cast to genius.core.issue.ValueDiscrete: genius.core.issue.ValueReal cannot be cast to genius.core.issue.ValueDiscrete:[agents.TimeDependentAgentConceder, agents.FuzzyAgent, /Users/kenielpeart/IdeaProjects/Group21/out/production/Group21/group21/Agent21.class, agents.FuzzyAgent];60rounds;No;;0;;;;;;TimeDependentAgentConceder;FuzzyAgent;Agent21;FuzzyAgent;0.0;0.0;0.0;0.0;0.0;0.0;0.0;0.0;;;;;;;;;;;;;party1_utility;party2_utility;party3_utility;party4_utility
;2;Session genius.core.session.Session@22c88aaa failed: Failed to execute protocol: Execution failed of FuzzyAgent@378:java.lang.ClassCastException: genius.core.issue.ValueReal cannot be cast to genius.core.issue.ValueDiscrete: genius.core.issue.ValueReal cannot be cast to genius.core.issue.ValueDiscrete:[/Users/kenielpeart/IdeaProjects/Group21/out/production/Group21/group21/Agent21.class, agents.TimeDependentAgentBoulware, /Users/kenielpeart/IdeaProjects/Group21/out/production/Group21/group21/Agent21.class, agents.FuzzyAgent];60rounds;No;;0;;;;;;Agent21;TimeDependentAgentBoulware;Agent21;FuzzyAgent;0.0;0.0;0.0;0.0;0.0;0.0;0.0;0.0;;;;;;;;;;;;;party1_utility;party2_utility;party3_utility;party4_utility
;2;Session genius.core.session.Session@1637f514 failed: Failed to execute protocol: Execution failed of FuzzyAgent@379:java.lang.ClassCastException: genius.core.issue.ValueReal cannot be cast to genius.core.issue.ValueDiscrete: genius.core.issue.ValueReal cannot be cast to genius.core.issue.ValueDiscrete:[agents.FuzzyAgent, agents.TimeDependentAgentBoulware, /Users/kenielpeart/IdeaProjects/Group21/out/production/Group21/group21/Agent21.class, agents.FuzzyAgent];60rounds;No;;0;;;;;;FuzzyAgent;TimeDependentAgentBoulware;Agent21;FuzzyAgent;0.0;0.0;0.0;0.0;0.0;0.0;0.0;0.0;;;;;;;;;;;;;party1_utility;party2_utility;party3_utility;party4_utility
;2;Session genius.core.session.Session@5e096a03 failed: Failed to execute protocol: Execution failed of FuzzyAgent@386:java.lang.ClassCastException: genius.core.issue.ValueReal cannot be cast to genius.core.issue.ValueDiscrete: genius.core.issue.ValueReal cannot be cast to genius.core.issue.ValueDiscrete:[agents.TimeDependentAgentBoulware, agents.TimeDependentAgentBoulware, /Users/kenielpeart/IdeaProjects/Group21/out/production/Group21/group21/Agent21.class, agents.FuzzyAgent];60rounds;No;;0;;;;;;TimeDependentAgentBoulware;TimeDependentAgentBoulware;Agent21;FuzzyAgent;0.0;0.0;0.0;0.0;0.0;0.0;0.0;0.0;;;;;;;;;;;;;party1_utility;party2_utility;party3_utility;party4_utility
;2;Session genius.core.session.Session@46bb2217 failed: Failed to execute protocol: Execution failed of FuzzyAgent@390:java.lang.ClassCastException: genius.core.issue.ValueReal cannot be cast to genius.core.issue.ValueDiscrete: genius.core.issue.ValueReal cannot be cast to genius.core.issue.ValueDiscrete:[agents.TimeDependentAgentConceder, agents.TimeDependentAgentBoulware, /Users/kenielpeart/IdeaProjects/Group21/out/production/Group21/group21/Agent21.class, agents.FuzzyAgent];60rounds;No;;0;;;;;;TimeDependentAgentConceder;TimeDependentAgentBoulware;Agent21;FuzzyAgent;0.0;0.0;0.0;0.0;0.0;0.0;0.0;0.0;;;;;;;;;;;;;party1_utility;party2_utility;party3_utility;party4_utility
;2;Session genius.core.session.Session@7a5f8d4d failed: Failed to execute protocol: Execution failed of FuzzyAgent@394:java.lang.ClassCastException: genius.core.issue.ValueReal cannot be cast to genius.core.issue.ValueDiscrete: genius.core.issue.ValueReal cannot be cast to genius.core.issue.ValueDiscrete:[/Users/kenielpeart/IdeaProjects/Group21/out/production/Group21/group21/Agent21.class, agents.TimeDependentAgentConceder, /Users/kenielpeart/IdeaProjects/Group21/out/production/Group21/group21/Agent21.class, agents.FuzzyAgent];60rounds;No;;0;;;;;;Agent21;TimeDependentAgentConceder;Agent21;FuzzyAgent;0.0;0.0;0.0;0.0;0.0;0.0;0.0;0.0;;;;;;;;;;;;;party1_utility;party2_utility;party3_utility;party4_utility
;2;Session genius.core.session.Session@10e6f668 failed: Failed to execute protocol: Execution failed of FuzzyAgent@395:java.lang.ClassCastException: genius.core.issue.ValueReal cannot be cast to genius.core.issue.ValueDiscrete: genius.core.issue.ValueReal cannot be cast to genius.core.issue.ValueDiscrete:[agents.FuzzyAgent, agents.TimeDependentAgentConceder, /Users/kenielpeart/IdeaProjects/Group21/out/production/Group21/group21/Agent21.class, agents.FuzzyAgent];60rounds;No;;0;;;;;;FuzzyAgent;TimeDependentAgentConceder;Agent21;FuzzyAgent;0.0;0.0;0.0;0.0;0.0;0.0;0.0;0.0;;;;;;;;;;;;;party1_utility;party2_utility;party3_utility;party4_utility
;2;Session genius.core.session.Session@17d419b7 failed: Failed to execute protocol: Execution failed of FuzzyAgent@402:java.lang.ClassCastException: genius.core.issue.ValueReal cannot be cast to genius.core.issue.ValueDiscrete: genius.core.issue.ValueReal cannot be cast to genius.core.issue.ValueDiscrete:[agents.TimeDependentAgentBoulware, agents.TimeDependentAgentConceder, /Users/kenielpeart/IdeaProjects/Group21/out/production/Group21/group21/Agent21.class, agents.FuzzyAgent];60rounds;No;;0;;;;;;TimeDependentAgentBoulware;TimeDependentAgentConceder;Agent21;FuzzyAgent;0.0;0.0;0.0;0.0;0.0;0.0;0.0;0.0;;;;;;;;;;;;;party1_utility;party2_utility;party3_utility;party4_utility
;2;Session genius.core.session.Session@8e96100 failed: Failed to execute protocol: Execution failed of FuzzyAgent@406:java.lang.ClassCastException: genius.core.issue.ValueReal cannot be cast to genius.core.issue.ValueDiscrete: genius.core.issue.ValueReal cannot be cast to genius.core.issue.ValueDiscrete:[agents.TimeDependentAgentConceder, agents.TimeDependentAgentConceder, /Users/kenielpeart/IdeaProjects/Group21/out/production/Group21/group21/Agent21.class, agents.FuzzyAgent];60rounds;No;;0;;;;;;TimeDependentAgentConceder;TimeDependentAgentConceder;Agent21;FuzzyAgent;0.0;0.0;0.0;0.0;0.0;0.0;0.0;0.0;;;;;;;;;;;;;party1_utility;party2_utility;party3_utility;party4_utility
;2;Session genius.core.session.Session@63877e5c failed: Failed to execute protocol: Execution failed of FuzzyAgent@409:java.lang.ClassCastException: genius.core.issue.ValueReal cannot be cast to genius.core.issue.ValueDiscrete: genius.core.issue.ValueReal cannot be cast to genius.core.issue.ValueDiscrete:[/Users/kenielpeart/IdeaProjects/Group21/out/production/Group21/group21/Agent21.class, /Users/kenielpeart/IdeaProjects/Group21/out/production/Group21/group21/Agent21.class, agents.FuzzyAgent, agents.FuzzyAgent];60rounds;No;;0;;;;;;Agent21;Agent21;FuzzyAgent;FuzzyAgent;0.0;0.0;0.0;0.0;0.0;0.0;0.0;0.0;;;;;;;;;;;;;party1_utility;party2_utility;party3_utility;party4_utility
;2;Session genius.core.session.Session@47d100d1 failed: Failed to execute protocol: Execution failed of FuzzyAgent@411:java.lang.ClassCastException: genius.core.issue.ValueReal cannot be cast to genius.core.issue.ValueDiscrete: genius.core.issue.ValueReal cannot be cast to genius.core.issue.ValueDiscrete:[agents.FuzzyAgent, /Users/kenielpeart/IdeaProjects/Group21/out/production/Group21/group21/Agent21.class, agents.FuzzyAgent, agents.FuzzyAgent];60rounds;No;;0;;;;;;FuzzyAgent;Agent21;FuzzyAgent;FuzzyAgent;0.0;0.0;0.0;0.0;0.0;0.0;0.0;0.0;;;;;;;;;;;;;party1_utility;party2_utility;party3_utility;party4_utility
;2;Session genius.core.session.Session@3a03a439 failed: Failed to execute protocol: Execution failed of FuzzyAgent@417:java.lang.ClassCastException: genius.core.issue.ValueReal cannot be cast to genius.core.issue.ValueDiscrete: genius.core.issue.ValueReal cannot be cast to genius.core.issue.ValueDiscrete:[agents.TimeDependentAgentBoulware, /Users/kenielpeart/IdeaProjects/Group21/out/production/Group21/group21/Agent21.class, agents.FuzzyAgent, agents.FuzzyAgent];60rounds;No;;0;;;;;;TimeDependentAgentBoulware;Agent21;FuzzyAgent;FuzzyAgent;0.0;0.0;0.0;0.0;0.0;0.0;0.0;0.0;;;;;;;;;;;;;party1_utility;party2_utility;party3_utility;party4_utility
;2;Session genius.core.session.Session@7aa3c750 failed: Failed to execute protocol: Execution failed of FuzzyAgent@421:java.lang.ClassCastException: genius.core.issue.ValueReal cannot be cast to genius.core.issue.ValueDiscrete: genius.core.issue.ValueReal cannot be cast to genius.core.issue.ValueDiscrete:[agents.TimeDependentAgentConceder, /Users/kenielpeart/IdeaProjects/Group21/out/production/Group21/group21/Agent21.class, agents.FuzzyAgent, agents.FuzzyAgent];60rounds;No;;0;;;;;;TimeDependentAgentConceder;Agent21;FuzzyAgent;FuzzyAgent;0.0;0.0;0.0;0.0;0.0;0.0;0.0;0.0;;;;;;;;;;;;;party1_utility;party2_utility;party3_utility;party4_utility
;2;Session genius.core.session.Session@4d850b8c failed: Failed to execute protocol: Execution failed of FuzzyAgent@424:java.lang.ClassCastException: genius.core.issue.ValueReal cannot be cast to genius.core.issue.ValueDiscrete: genius.core.issue.ValueReal cannot be cast to genius.core.issue.ValueDiscrete:[/Users/kenielpeart/IdeaProjects/Group21/out/production/Group21/group21/Agent21.class, agents.FuzzyAgent, agents.FuzzyAgent, agents.FuzzyAgent];60rounds;No;;0;;;;;;Agent21;FuzzyAgent;FuzzyAgent;FuzzyAgent;0.0;0.0;0.0;0.0;0.0;0.0;0.0;0.0;;;;;;;;;;;;;party1_utility;party2_utility;party3_utility;party4_utility
;35;Session genius.core.session.Session@2422a2fc failed: Failed to execute protocol: Execution failed of FuzzyAgent@429:java.lang.ArrayIndexOutOfBoundsException: 101: 101:[agents.FuzzyAgent, agents.FuzzyAgent, agents.FuzzyAgent, agents.FuzzyAgent];60rounds;No;;0;;;;;;FuzzyAgent;FuzzyAgent;FuzzyAgent;FuzzyAgent;0.0;0.0;0.0;0.0;0.0;0.0;0.0;0.0;;;;;;;;;;;;;party1_utility;party2_utility;party3_utility;party4_utility
;35;Session genius.core.session.Session@40df686f failed: Failed to execute protocol: Execution failed of FuzzyAgent@433:java.lang.ArrayIndexOutOfBoundsException: 101: 101:[agents.TimeDependentAgentBoulware, agents.FuzzyAgent, agents.FuzzyAgent, agents.FuzzyAgent];60rounds;No;;0;;;;;;TimeDependentAgentBoulware;FuzzyAgent;FuzzyAgent;FuzzyAgent;0.0;0.0;0.0;0.0;0.0;0.0;0.0;0.0;;;;;;;;;;;;;party1_utility;party2_utility;party3_utility;party4_utility
;35;Session genius.core.session.Session@28f3b46d failed: Failed to execute protocol: Execution failed of FuzzyAgent@437:java.lang.ArrayIndexOutOfBoundsException: 101: 101:[agents.TimeDependentAgentConceder, agents.FuzzyAgent, agents.FuzzyAgent, agents.FuzzyAgent];60rounds;No;;0;;;;;;TimeDependentAgentConceder;FuzzyAgent;FuzzyAgent;FuzzyAgent;0.0;0.0;0.0;0.0;0.0;0.0;0.0;0.0;;;;;;;;;;;;;party1_utility;party2_utility;party3_utility;party4_utility
;2;Session genius.core.session.Session@7c4b6d93 failed: Failed to execute protocol: Execution failed of FuzzyAgent@441:java.lang.ClassCastException: genius.core.issue.ValueReal cannot be cast to genius.core.issue.ValueDiscrete: genius.core.issue.ValueReal cannot be cast to genius.core.issue.ValueDiscrete:[/Users/kenielpeart/IdeaProjects/Group21/out/production/Group21/group21/Agent21.class, agents.TimeDependentAgentBoulware, agents.FuzzyAgent, agents.FuzzyAgent];60rounds;No;;0;;;;;;Agent21;TimeDependentAgentBoulware;FuzzyAgent;FuzzyAgent;0.0;0.0;0.0;0.0;0.0;0.0;0.0;0.0;;;;;;;;;;;;;party1_utility;party2_utility;party3_utility;party4_utility
;3;Session genius.core.session.Session@47ecfe65 failed: Failed to execute protocol: null:[agents.FuzzyAgent, agents.TimeDependentAgentBoulware, agents.FuzzyAgent, agents.FuzzyAgent];60rounds;No;;0;;;;;;FuzzyAgent;TimeDependentAgentBoulware;FuzzyAgent;FuzzyAgent;0.0;0.0;0.0;0.0;0.0;0.0;0.0;0.0;;;;;;;;;;;;;party1_utility;party2_utility;party3_utility;party4_utility
;3;Session genius.core.session.Session@72896a29 failed: Failed to execute protocol: null:[agents.TimeDependentAgentBoulware, agents.TimeDependentAgentBoulware, agents.FuzzyAgent, agents.FuzzyAgent];60rounds;No;;0;;;;;;TimeDependentAgentBoulware;TimeDependentAgentBoulware;FuzzyAgent;FuzzyAgent;0.0;0.0;0.0;0.0;0.0;0.0;0.0;0.0;;;;;;;;;;;;;party1_utility;party2_utility;party3_utility;party4_utility
;3;Session genius.core.session.Session@47ef945f failed: Failed to execute protocol: null:[agents.TimeDependentAgentConceder, agents.TimeDependentAgentBoulware, agents.FuzzyAgent, agents.FuzzyAgent];60rounds;No;;0;;;;;;TimeDependentAgentConceder;TimeDependentAgentBoulware;FuzzyAgent;FuzzyAgent;0.0;0.0;0.0;0.0;0.0;0.0;0.0;0.0;;;;;;;;;;;;;party1_utility;party2_utility;party3_utility;party4_utility
;2;Session genius.core.session.Session@40d09b7a failed: Failed to execute protocol: Execution failed of FuzzyAgent@457:java.lang.ClassCastException: genius.core.issue.ValueReal cannot be cast to genius.core.issue.ValueDiscrete: genius.core.issue.ValueReal cannot be cast to genius.core.issue.ValueDiscrete:[/Users/kenielpeart/IdeaProjects/Group21/out/production/Group21/group21/Agent21.class, agents.TimeDependentAgentConceder, agents.FuzzyAgent, agents.FuzzyAgent];60rounds;No;;0;;;;;;Agent21;TimeDependentAgentConceder;FuzzyAgent;FuzzyAgent;0.0;0.0;0.0;0.0;0.0;0.0;0.0;0.0;;;;;;;;;;;;;party1_utility;party2_utility;party3_utility;party4_utility
;3;Session genius.core.session.Session@79b1796b failed: Failed to execute protocol: null:[agents.FuzzyAgent, agents.TimeDependentAgentConceder, agents.FuzzyAgent, agents.FuzzyAgent];60rounds;No;;0;;;;;;FuzzyAgent;TimeDependentAgentConceder;FuzzyAgent;FuzzyAgent;0.0;0.0;0.0;0.0;0.0;0.0;0.0;0.0;;;;;;;;;;;;;party1_utility;party2_utility;party3_utility;party4_utility
;3;Session genius.core.session.Session@4247576e failed: Failed to execute protocol: null:[agents.TimeDependentAgentBoulware, agents.TimeDependentAgentConceder, agents.FuzzyAgent, agents.FuzzyAgent];60rounds;No;;0;;;;;;TimeDependentAgentBoulware;TimeDependentAgentConceder;FuzzyAgent;FuzzyAgent;0.0;0.0;0.0;0.0;0.0;0.0;0.0;0.0;;;;;;;;;;;;;party1_utility;party2_utility;party3_utility;party4_utility
;3;Session genius.core.session.Session@58c4a89c failed: Failed to execute protocol: null:[agents.TimeDependentAgentConceder, agents.TimeDependentAgentConceder, agents.FuzzyAgent, agents.FuzzyAgent];60rounds;No;;0;;;;;;TimeDependentAgentConceder;TimeDependentAgentConceder;FuzzyAgent;FuzzyAgent;0.0;0.0;0.0;0.0;0.0;0.0;0.0;0.0;;;;;;;;;;;;;party1_utility;party2_utility;party3_utility;party4_utility
;2;Session genius.core.session.Session@16076de7 failed: Failed to execute protocol: Execution failed of FuzzyAgent@474:java.lang.ClassCastException: genius.core.issue.ValueReal cannot be cast to genius.core.issue.ValueDiscrete: genius.core.issue.ValueReal cannot be cast to genius.core.issue.ValueDiscrete:[/Users/kenielpeart/IdeaProjects/Group21/out/production/Group21/group21/Agent21.class, /Users/kenielpeart/IdeaProjects/Group21/out/production/Group21/group21/Agent21.class, agents.TimeDependentAgentBoulware, agents.FuzzyAgent];60rounds;No;;0;;;;;;Agent21;Agent21;TimeDependentAgentBoulware;FuzzyAgent;0.0;0.0;0.0;0.0;0.0;0.0;0.0;0.0;;;;;;;;;;;;;party1_utility;party2_utility;party3_utility;party4_utility
;2;Session genius.core.session.Session@28aff772 failed: Failed to execute protocol: Execution failed of FuzzyAgent@475:java.lang.ClassCastException: genius.core.issue.ValueReal cannot be cast to genius.core.issue.ValueDiscrete: genius.core.issue.ValueReal cannot be cast to genius.core.issue.ValueDiscrete:[agents.FuzzyAgent, /Users/kenielpeart/IdeaProjects/Group21/out/production/Group21/group21/Agent21.class, agents.TimeDependentAgentBoulware, agents.FuzzyAgent];60rounds;No;;0;;;;;;FuzzyAgent;Agent21;TimeDependentAgentBoulware;FuzzyAgent;0.0;0.0;0.0;0.0;0.0;0.0;0.0;0.0;;;;;;;;;;;;;party1_utility;party2_utility;party3_utility;party4_utility
;2;Session genius.core.session.Session@76c1d710 failed: Failed to execute protocol: Execution failed of FuzzyAgent@482:java.lang.ClassCastException: genius.core.issue.ValueReal cannot be cast to genius.core.issue.ValueDiscrete: genius.core.issue.ValueReal cannot be cast to genius.core.issue.ValueDiscrete:[agents.TimeDependentAgentBoulware, /Users/kenielpeart/IdeaProjects/Group21/out/production/Group21/group21/Agent21.class, agents.TimeDependentAgentBoulware, agents.FuzzyAgent];60rounds;No;;0;;;;;;TimeDependentAgentBoulware;Agent21;TimeDependentAgentBoulware;FuzzyAgent;0.0;0.0;0.0;0.0;0.0;0.0;0.0;0.0;;;;;;;;;;;;;party1_utility;party2_utility;party3_utility;party4_utility
;2;Session genius.core.session.Session@1f795916 failed: Failed to execute protocol: Execution failed of FuzzyAgent@486:java.lang.ClassCastException: genius.core.issue.ValueReal cannot be cast to genius.core.issue.ValueDiscrete: genius.core.issue.ValueReal cannot be cast to genius.core.issue.ValueDiscrete:[agents.TimeDependentAgentConceder, /Users/kenielpeart/IdeaProjects/Group21/out/production/Group21/group21/Agent21.class, agents.TimeDependentAgentBoulware, agents.FuzzyAgent];60rounds;No;;0;;;;;;TimeDependentAgentConceder;Agent21;TimeDependentAgentBoulware;FuzzyAgent;0.0;0.0;0.0;0.0;0.0;0.0;0.0;0.0;;;;;;;;;;;;;party1_utility;party2_utility;party3_utility;party4_utility
;2;Session genius.core.session.Session@1b0e03fc failed: Failed to execute protocol: Execution failed of FuzzyAgent@488:java.lang.ClassCastException: genius.core.issue.ValueReal cannot be cast to genius.core.issue.ValueDiscrete: genius.core.issue.ValueReal cannot be cast to genius.core.issue.ValueDiscrete:[/Users/kenielpeart/IdeaProjects/Group21/out/production/Group21/group21/Agent21.class, agents.FuzzyAgent, agents.TimeDependentAgentBoulware, agents.FuzzyAgent];60rounds;No;;0;;;;;;Agent21;FuzzyAgent;TimeDependentAgentBoulware;FuzzyAgent;0.0;0.0;0.0;0.0;0.0;0.0;0.0;0.0;;;;;;;;;;;;;party1_utility;party2_utility;party3_utility;party4_utility
;35;Session genius.core.session.Session@235a11a failed: Failed to execute protocol: Execution failed of FuzzyAgent@494:java.lang.ArrayIndexOutOfBoundsException: 102: 102:[agents.FuzzyAgent, agents.FuzzyAgent, agents.TimeDependentAgentBoulware, agents.FuzzyAgent];60rounds;No;;0;;;;;;FuzzyAgent;FuzzyAgent;TimeDependentAgentBoulware;FuzzyAgent;0.0;0.0;0.0;0.0;0.0;0.0;0.0;0.0;;;;;;;;;;;;;party1_utility;party2_utility;party3_utility;party4_utility
;35;Session genius.core.session.Session@5751e9a3 failed: Failed to execute protocol: Execution failed of FuzzyAgent@498:java.lang.ArrayIndexOutOfBoundsException: 102: 102:[agents.TimeDependentAgentBoulware, agents.FuzzyAgent, agents.TimeDependentAgentBoulware, agents.FuzzyAgent];60rounds;No;;0;;;;;;TimeDependentAgentBoulware;FuzzyAgent;TimeDependentAgentBoulware;FuzzyAgent;0.0;0.0;0.0;0.0;0.0;0.0;0.0;0.0;;;;;;;;;;;;;party1_utility;party2_utility;party3_utility;party4_utility
;35;Session genius.core.session.Session@4d4a8372 failed: Failed to execute protocol: Execution failed of FuzzyAgent@502:java.lang.ArrayIndexOutOfBoundsException: 102: 102:[agents.TimeDependentAgentConceder, agents.FuzzyAgent, agents.TimeDependentAgentBoulware, agents.FuzzyAgent];60rounds;No;;0;;;;;;TimeDependentAgentConceder;FuzzyAgent;TimeDependentAgentBoulware;FuzzyAgent;0.0;0.0;0.0;0.0;0.0;0.0;0.0;0.0;;;;;;;;;;;;;party1_utility;party2_utility;party3_utility;party4_utility
;2;Session genius.core.session.Session@9a22079 failed: Failed to execute protocol: Execution failed of FuzzyAgent@506:java.lang.ClassCastException: genius.core.issue.ValueReal cannot be cast to genius.core.issue.ValueDiscrete: genius.core.issue.ValueReal cannot be cast to genius.core.issue.ValueDiscrete:[/Users/kenielpeart/IdeaProjects/Group21/out/production/Group21/group21/Agent21.class, agents.TimeDependentAgentBoulware, agents.TimeDependentAgentBoulware, agents.FuzzyAgent];60rounds;No;;0;;;;;;Agent21;TimeDependentAgentBoulware;TimeDependentAgentBoulware;FuzzyAgent;0.0;0.0;0.0;0.0;0.0;0.0;0.0;0.0;;;;;;;;;;;;;party1_utility;party2_utility;party3_utility;party4_utility
;3;Session genius.core.session.Session@5166cc1f failed: Failed to execute protocol: null:[agents.FuzzyAgent, agents.TimeDependentAgentBoulware, agents.TimeDependentAgentBoulware, agents.FuzzyAgent];60rounds;No;;0;;;;;;FuzzyAgent;TimeDependentAgentBoulware;TimeDependentAgentBoulware;FuzzyAgent;0.0;0.0;0.0;0.0;0.0;0.0;0.0;0.0;;;;;;;;;;;;;party1_utility;party2_utility;party3_utility;party4_utility
;35;Session genius.core.session.Session@48ae9452 failed: Failed to execute protocol: Execution failed of FuzzyAgent@514:java.lang.ArrayIndexOutOfBoundsException: 102: 102:[agents.TimeDependentAgentBoulware, agents.TimeDependentAgentBoulware, agents.TimeDependentAgentBoulware, agents.FuzzyAgent];60rounds;No;;0;;;;;;TimeDependentAgentBoulware;TimeDependentAgentBoulware;TimeDependentAgentBoulware;FuzzyAgent;0.0;0.0;0.0;0.0;0.0;0.0;0.0;0.0;;;;;;;;;;;;;party1_utility;party2_utility;party3_utility;party4_utility
;35;Session genius.core.session.Session@6dfd23cb failed: Failed to execute protocol: Execution failed of FuzzyAgent@518:java.lang.ArrayIndexOutOfBoundsException: 102: 102:[agents.TimeDependentAgentConceder, agents.TimeDependentAgentBoulware, agents.TimeDependentAgentBoulware, agents.FuzzyAgent];60rounds;No;;0;;;;;;TimeDependentAgentConceder;TimeDependentAgentBoulware;TimeDependentAgentBoulware;FuzzyAgent;0.0;0.0;0.0;0.0;0.0;0.0;0.0;0.0;;;;;;;;;;;;;party1_utility;party2_utility;party3_utility;party4_utility
;2;Session genius.core.session.Session@12a55b66 failed: Failed to execute protocol: Execution failed of FuzzyAgent@522:java.lang.ClassCastException: genius.core.issue.ValueReal cannot be cast to genius.core.issue.ValueDiscrete: genius.core.issue.ValueReal cannot be cast to genius.core.issue.ValueDiscrete:[/Users/kenielpeart/IdeaProjects/Group21/out/production/Group21/group21/Agent21.class, agents.TimeDependentAgentConceder, agents.TimeDependentAgentBoulware, agents.FuzzyAgent];60rounds;No;;0;;;;;;Agent21;TimeDependentAgentConceder;TimeDependentAgentBoulware;FuzzyAgent;0.0;0.0;0.0;0.0;0.0;0.0;0.0;0.0;;;;;;;;;;;;;party1_utility;party2_utility;party3_utility;party4_utility
;3;Session genius.core.session.Session@2e955164 failed: Failed to execute protocol: null:[agents.FuzzyAgent, agents.TimeDependentAgentConceder, agents.TimeDependentAgentBoulware, agents.FuzzyAgent];60rounds;No;;0;;;;;;FuzzyAgent;TimeDependentAgentConceder;TimeDependentAgentBoulware;FuzzyAgent;0.0;0.0;0.0;0.0;0.0;0.0;0.0;0.0;;;;;;;;;;;;;party1_utility;party2_utility;party3_utility;party4_utility
;31;Session genius.core.session.Session@2a72cc06 failed: Failed to execute protocol: null:[agents.TimeDependentAgentBoulware, agents.TimeDependentAgentConceder, agents.TimeDependentAgentBoulware, agents.FuzzyAgent];60rounds;No;;0;;;;;;TimeDependentAgentBoulware;TimeDependentAgentConceder;TimeDependentAgentBoulware;FuzzyAgent;0.0;0.0;0.0;0.0;0.0;0.0;0.0;0.0;;;;;;;;;;;;;party1_utility;party2_utility;party3_utility;party4_utility
;7;Session genius.core.session.Session@7c5f6df2 failed: Failed to execute protocol: null:[agents.TimeDependentAgentConceder, agents.TimeDependentAgentConceder, agents.TimeDependentAgentBoulware, agents.FuzzyAgent];60rounds;No;;0;;;;;;TimeDependentAgentConceder;TimeDependentAgentConceder;TimeDependentAgentBoulware;FuzzyAgent;0.0;0.0;0.0;0.0;0.0;0.0;0.0;0.0;;;;;;;;;;;;;party1_utility;party2_utility;party3_utility;party4_utility
;2;Session genius.core.session.Session@7c2df608 failed: Failed to execute protocol: Execution failed of FuzzyAgent@538:java.lang.ClassCastException: genius.core.issue.ValueReal cannot be cast to genius.core.issue.ValueDiscrete: genius.core.issue.ValueReal cannot be cast to genius.core.issue.ValueDiscrete:[/Users/kenielpeart/IdeaProjects/Group21/out/production/Group21/group21/Agent21.class, /Users/kenielpeart/IdeaProjects/Group21/out/production/Group21/group21/Agent21.class, agents.TimeDependentAgentConceder, agents.FuzzyAgent];60rounds;No;;0;;;;;;Agent21;Agent21;TimeDependentAgentConceder;FuzzyAgent;0.0;0.0;0.0;0.0;0.0;0.0;0.0;0.0;;;;;;;;;;;;;party1_utility;party2_utility;party3_utility;party4_utility
;2;Session genius.core.session.Session@7437de52 failed: Failed to execute protocol: Execution failed of FuzzyAgent@539:java.lang.ClassCastException: genius.core.issue.ValueReal cannot be cast to genius.core.issue.ValueDiscrete: genius.core.issue.ValueReal cannot be cast to genius.core.issue.ValueDiscrete:[agents.FuzzyAgent, /Users/kenielpeart/IdeaProjects/Group21/out/production/Group21/group21/Agent21.class, agents.TimeDependentAgentConceder, agents.FuzzyAgent];60rounds;No;;0;;;;;;FuzzyAgent;Agent21;TimeDependentAgentConceder;FuzzyAgent;0.0;0.0;0.0;0.0;0.0;0.0;0.0;0.0;;;;;;;;;;;;;party1_utility;party2_utility;party3_utility;party4_utility
;2;Session genius.core.session.Session@3f65fa05 failed: Failed to execute protocol: Execution failed of FuzzyAgent@546:java.lang.ClassCastException: genius.core.issue.ValueReal cannot be cast to genius.core.issue.ValueDiscrete: genius.core.issue.ValueReal cannot be cast to genius.core.issue.ValueDiscrete:[agents.TimeDependentAgentBoulware, /Users/kenielpeart/IdeaProjects/Group21/out/production/Group21/group21/Agent21.class, agents.TimeDependentAgentConceder, agents.FuzzyAgent];60rounds;No;;0;;;;;;TimeDependentAgentBoulware;Agent21;TimeDependentAgentConceder;FuzzyAgent;0.0;0.0;0.0;0.0;0.0;0.0;0.0;0.0;;;;;;;;;;;;;party1_utility;party2_utility;party3_utility;party4_utility
;2;Session genius.core.session.Session@5ffe7eed failed: Failed to execute protocol: Execution failed of FuzzyAgent@550:java.lang.ClassCastException: genius.core.issue.ValueReal cannot be cast to genius.core.issue.ValueDiscrete: genius.core.issue.ValueReal cannot be cast to genius.core.issue.ValueDiscrete:[agents.TimeDependentAgentConceder, /Users/kenielpeart/IdeaProjects/Group21/out/production/Group21/group21/Agent21.class, agents.TimeDependentAgentConceder, agents.FuzzyAgent];60rounds;No;;0;;;;;;TimeDependentAgentConceder;Agent21;TimeDependentAgentConceder;FuzzyAgent;0.0;0.0;0.0;0.0;0.0;0.0;0.0;0.0;;;;;;;;;;;;;party1_utility;party2_utility;party3_utility;party4_utility
;2;Session genius.core.session.Session@3de3392f failed: Failed to execute protocol: Execution failed of FuzzyAgent@552:java.lang.ClassCastException: genius.core.issue.ValueReal cannot be cast to genius.core.issue.ValueDiscrete: genius.core.issue.ValueReal cannot be cast to genius.core.issue.ValueDiscrete:[/Users/kenielpeart/IdeaProjects/Group21/out/production/Group21/group21/Agent21.class, agents.FuzzyAgent, agents.TimeDependentAgentConceder, agents.FuzzyAgent];60rounds;No;;0;;;;;;Agent21;FuzzyAgent;TimeDependentAgentConceder;FuzzyAgent;0.0;0.0;0.0;0.0;0.0;0.0;0.0;0.0;;;;;;;;;;;;;party1_utility;party2_utility;party3_utility;party4_utility
;35;Session genius.core.session.Session@27b2eac3 failed: Failed to execute protocol: Execution failed of FuzzyAgent@558:java.lang.ArrayIndexOutOfBoundsException: 102: 102:[agents.FuzzyAgent, agents.FuzzyAgent, agents.TimeDependentAgentConceder, agents.FuzzyAgent];60rounds;No;;0;;;;;;FuzzyAgent;FuzzyAgent;TimeDependentAgentConceder;FuzzyAgent;0.0;0.0;0.0;0.0;0.0;0.0;0.0;0.0;;;;;;;;;;;;;party1_utility;party2_utility;party3_utility;party4_utility
;35;Session genius.core.session.Session@b17f1ce failed: Failed to execute protocol: Execution failed of FuzzyAgent@562:java.lang.ArrayIndexOutOfBoundsException: 102: 102:[agents.TimeDependentAgentBoulware, agents.FuzzyAgent, agents.TimeDependentAgentConceder, agents.FuzzyAgent];60rounds;No;;0;;;;;;TimeDependentAgentBoulware;FuzzyAgent;TimeDependentAgentConceder;FuzzyAgent;0.0;0.0;0.0;0.0;0.0;0.0;0.0;0.0;;;;;;;;;;;;;party1_utility;party2_utility;party3_utility;party4_utility
;35;Session genius.core.session.Session@14943737 failed: Failed to execute protocol: Execution failed of FuzzyAgent@566:java.lang.ArrayIndexOutOfBoundsException: 102: 102:[agents.TimeDependentAgentConceder, agents.FuzzyAgent, agents.TimeDependentAgentConceder, agents.FuzzyAgent];60rounds;No;;0;;;;;;TimeDependentAgentConceder;FuzzyAgent;TimeDependentAgentConceder;FuzzyAgent;0.0;0.0;0.0;0.0;0.0;0.0;0.0;0.0;;;;;;;;;;;;;party1_utility;party2_utility;party3_utility;party4_utility
;2;Session genius.core.session.Session@4e5ef9 failed: Failed to execute protocol: Execution failed of FuzzyAgent@570:java.lang.ClassCastException: genius.core.issue.ValueReal cannot be cast to genius.core.issue.ValueDiscrete: genius.core.issue.ValueReal cannot be cast to genius.core.issue.ValueDiscrete:[/Users/kenielpeart/IdeaProjects/Group21/out/production/Group21/group21/Agent21.class, agents.TimeDependentAgentBoulware, agents.TimeDependentAgentConceder, agents.FuzzyAgent];60rounds;No;;0;;;;;;Agent21;TimeDependentAgentBoulware;TimeDependentAgentConceder;FuzzyAgent;0.0;0.0;0.0;0.0;0.0;0.0;0.0;0.0;;;;;;;;;;;;;party1_utility;party2_utility;party3_utility;party4_utility
;3;Session genius.core.session.Session@34e346bf failed: Failed to execute protocol: null:[agents.FuzzyAgent, agents.TimeDependentAgentBoulware, agents.TimeDependentAgentConceder, agents.FuzzyAgent];60rounds;No;;0;;;;;;FuzzyAgent;TimeDependentAgentBoulware;TimeDependentAgentConceder;FuzzyAgent;0.0;0.0;0.0;0.0;0.0;0.0;0.0;0.0;;;;;;;;;;;;;party1_utility;party2_utility;party3_utility;party4_utility
;35;Session genius.core.session.Session@17be29b failed: Failed to execute protocol: Execution failed of FuzzyAgent@578:java.lang.ArrayIndexOutOfBoundsException: 102: 102:[agents.TimeDependentAgentBoulware, agents.TimeDependentAgentBoulware, agents.TimeDependentAgentConceder, agents.FuzzyAgent];60rounds;No;;0;;;;;;TimeDependentAgentBoulware;TimeDependentAgentBoulware;TimeDependentAgentConceder;FuzzyAgent;0.0;0.0;0.0;0.0;0.0;0.0;0.0;0.0;;;;;;;;;;;;;party1_utility;party2_utility;party3_utility;party4_utility
;35;Session genius.core.session.Session@63f51879 failed: Failed to execute protocol: Execution failed of FuzzyAgent@582:java.lang.ArrayIndexOutOfBoundsException: 102: 102:[agents.TimeDependentAgentConceder, agents.TimeDependentAgentBoulware, agents.TimeDependentAgentConceder, agents.FuzzyAgent];60rounds;No;;0;;;;;;TimeDependentAgentConceder;TimeDependentAgentBoulware;TimeDependentAgentConceder;FuzzyAgent;0.0;0.0;0.0;0.0;0.0;0.0;0.0;0.0;;;;;;;;;;;;;party1_utility;party2_utility;party3_utility;party4_utility
;2;Session genius.core.session.Session@3fc6514e failed: Failed to execute protocol: Execution failed of FuzzyAgent@586:java.lang.ClassCastException: genius.core.issue.ValueReal cannot be cast to genius.core.issue.ValueDiscrete: genius.core.issue.ValueReal cannot be cast to genius.core.issue.ValueDiscrete:[/Users/kenielpeart/IdeaProjects/Group21/out/production/Group21/group21/Agent21.class, agents.TimeDependentAgentConceder, agents.TimeDependentAgentConceder, agents.FuzzyAgent];60rounds;No;;0;;;;;;Agent21;TimeDependentAgentConceder;TimeDependentAgentConceder;FuzzyAgent;0.0;0.0;0.0;0.0;0.0;0.0;0.0;0.0;;;;;;;;;;;;;party1_utility;party2_utility;party3_utility;party4_utility
;3;Session genius.core.session.Session@61f71317 failed: Failed to execute protocol: null:[agents.FuzzyAgent, agents.TimeDependentAgentConceder, agents.TimeDependentAgentConceder, agents.FuzzyAgent];60rounds;No;;0;;;;;;FuzzyAgent;TimeDependentAgentConceder;TimeDependentAgentConceder;FuzzyAgent;0.0;0.0;0.0;0.0;0.0;0.0;0.0;0.0;;;;;;;;;;;;;party1_utility;party2_utility;party3_utility;party4_utility
;31;Session genius.core.session.Session@2a8ae980 failed: Failed to execute protocol: null:[agents.TimeDependentAgentBoulware, agents.TimeDependentAgentConceder, agents.TimeDependentAgentConceder, agents.FuzzyAgent];60rounds;No;;0;;;;;;TimeDependentAgentBoulware;TimeDependentAgentConceder;TimeDependentAgentConceder;FuzzyAgent;0.0;0.0;0.0;0.0;0.0;0.0;0.0;0.0;;;;;;;;;;;;;party1_utility;party2_utility;party3_utility;party4_utility
;7;Session genius.core.session.Session@4a8ff2d2 failed: Failed to execute protocol: null:[agents.TimeDependentAgentConceder, agents.TimeDependentAgentConceder, agents.TimeDependentAgentConceder, agents.FuzzyAgent];60rounds;No;;0;;;;;;TimeDependentAgentConceder;TimeDependentAgentConceder;TimeDependentAgentConceder;FuzzyAgent;0.0;0.0;0.0;0.0;0.0;0.0;0.0;0.0;;;;;;;;;;;;;party1_utility;party2_utility;party3_utility;party4_utility
;39;Session genius.core.session.Session@56ef01c7 failed: Failed to execute protocol: null:[/Users/kenielpeart/IdeaProjects/Group21/out/production/Group21/group21/Agent21.class, /Users/kenielpeart/IdeaProjects/Group21/out/production/Group21/group21/Agent21.class, /Users/kenielpeart/IdeaProjects/Group21/out/production/Group21/group21/Agent21.class, agents.TimeDependentAgentBoulware];60rounds;No;;0;;;;;;Agent21;Agent21;Agent21;TimeDependentAgentBoulware;0.0;0.0;0.0;0.0;0.0;0.0;0.0;0.0;;;;;;;;;;;;;party1_utility;party2_utility;party3_utility;party4_utility
;2;Session genius.core.session.Session@41dfcd34 failed: Failed to execute protocol: Execution failed of FuzzyAgent@603:java.lang.ClassCastException: genius.core.issue.ValueReal cannot be cast to genius.core.issue.ValueDiscrete: genius.core.issue.ValueReal cannot be cast to genius.core.issue.ValueDiscrete:[agents.FuzzyAgent, /Users/kenielpeart/IdeaProjects/Group21/out/production/Group21/group21/Agent21.class, /Users/kenielpeart/IdeaProjects/Group21/out/production/Group21/group21/Agent21.class, agents.TimeDependentAgentBoulware];60rounds;No;;0;;;;;;FuzzyAgent;Agent21;Agent21;TimeDependentAgentBoulware;0.0;0.0;0.0;0.0;0.0;0.0;0.0;0.0;;;;;;;;;;;;;party1_utility;party2_utility;party3_utility;party4_utility
;39;Session genius.core.session.Session@3eac228c failed: Failed to execute protocol: null:[agents.TimeDependentAgentBoulware, /Users/kenielpeart/IdeaProjects/Group21/out/production/Group21/group21/Agent21.class, /Users/kenielpeart/IdeaProjects/Group21/out/production/Group21/group21/Agent21.class, agents.TimeDependentAgentBoulware];60rounds;No;;0;;;;;;TimeDependentAgentBoulware;Agent21;Agent21;TimeDependentAgentBoulware;0.0;0.0;0.0;0.0;0.0;0.0;0.0;0.0;;;;;;;;;;;;;party1_utility;party2_utility;party3_utility;party4_utility
